000000000000000000 000000000000000000000 0000000000000000000000 0000000000000000
000000000001110000 100000000001110000000 0000000000011100000000 1011100000011100
000000000000110000 100000000000110000000 0000000000001100000000 1001100000001100
000000000001010000 100000000001010000000 0000000000010100000000 1010100000010100
000000000000010000 100000000000010000000 0000000000000100000000 1000100000000100
110100000101101000 010100000000101110001 0100000000011001001100 0010001001101010
110100000100101000 010100000001101110001 0100000000001001001100 0000001001111010
110100000101001000 010100000000001110001 0100000000010001001100 0011001001100010
110100000100001000 010100000001001110001 0100000000000001001100 0001001001110010
110100000101111000 110100000000111110001 0100000000011101001100 1010101001101110
110100000100111000 110100000001111110001 0100000000001101001100 1000101001111110
110100000101011000 110100000000011110001 0100000000010101001100 1011101001100110
110100000100011000 110100000001011110001 0100000000000101001100 1001101001110110
010100000101100000 000100000000100110001 0100000000011011001100 1110011001101000
010100000100100000 000100000001100110001 0100000000001011001100 1100011001111000
